17669873000194
22239300000160
03949595000114
00002041169702
58610338000145
22778735000183
15631970000162
08072117000192
07240553000160
13742018000100
04055359000117
82641606000170
19117073000196
19854200000130
25197348000141
22172389000195
17968052000159
77532893000140
10403542000169
01625072000197
51781227000152
20136144000187
10284646000100
10933867000153
50649987000148
09627651000180
04392794000137
08572023000182
03646052000128
00079784836149
20129740000130
08627966000165
68871912000415
21175224000104
12665716000197
07859924000197
18097844000168
10668759000109
00192190000196
17835042002270
07416353000116
10208492000169
16799344000142
09020327000108
18322745000132
21842761000160
31980600000197
15724240000106
14554142000105
36524643000181
08872264000147
02952485000220
03416665000179
20557417000167
15754291000180
04624521000170
11869391000100
00024563730068
95849642000176
08021753000195
26068410000168
21858948000152
05368890000102
12074073000107
57170375000117
07197718000169
14821008000123
20787703000119
78423373000162
68335330000171
19833831000172
18222102000117
02914460015425
08678016000160
08596638000149
08989701000107
05582839000107
07114909000110
00045994056715
17230091000154
11282954000150
15060301000188
10895138000150
84499755000172
62540026000180
08534583000142
10209979000166
14376135000160
09421486000106
81021198000191
07171339000108
14663364000166
49293194000150
64834807000102
00014702988808
07860617000126
24210865000140
18292293000193
14409864000176
19231532000168
00004769737408
10436703000110
19123907000176
04880870000153
10692926000149
23170534000161
55390645000170
61397592000111
10755951000124
13644905000146
14160340000194
21973510000115
22646766000180
08004481000115
08717690000106
60421161000180
13058152000197
04780203000107
01777414000194
17216272000126
62331848000150
83741876000205
14425414000177
15068899000151
12990434000165
00039923657604
14486778000167
03967307000154
00003352602840
33042540000197
12459694000109
04746398000160
08158730000127
04950463000175
00001591458722
09450338000110
10403633000102
11623340000195
10775286000807
18993202000147
17086928000133
68413418000164
13660372000196
20653436000197
62667779000150
14893498000173
00078834945115
11915958000129
58514928000174
51865921000158
00086405284034
09334062000104
09514947000195
24496107000130
04349542000125
00002566967997
04352250000141
14412337000110
00020088132072
07853100000100
04796802000100
19370148000146
12455015000123
13506564000142
77969145000120
03104012000154
60594348000186
18605658000192
18022687000121
12110685000108
08065528000150
00085685925972
26095790000120
00418332000190
03445212000170
00072635967920
71798151000266
00060001720600
07131684000100
04354908000154
19028847000102
05573347000147
90629601000231
97500698000146
10704625000198
50373604000151
03623314000139
19463673000106
21800204000187
07030891000178
23456484000183
91684688000121
03979070000121
17953295000113
04012263000171
12501635000151
23876582000170
11421420000168
77752038000226
12591651000182
04276100000104
61532198000734
18935321000143
15565869000150
10924659000198
22424615000188
19914325000108
67552356000109
92096163000138
30535975000185
00028262801806
12095870000170
06120576000179
51224830000133
14976798000116
08963153000146
11901950000103
33000167011499
15080544000188
01712235000179
16639970000171
88891981000155
66958166000123
39564786000105
00566373000124
18694381000111
06973878000190
06019610000113
00018660312872
10557079000100
06894543000186
01051730000184
20977843000150
10285073000120
26847095000177
02830899000103
86445822000282
08505736001367
03202463000124
61971040000175
43810639000145
00305419000151
61064838014193
15017018000173
11283192000107
09011287000120
67640441000714
00244852000124
22617444000103
01866325000114
47384284000120
06842017000172
04936801000114
09474192000142
03133974000131
22692092000150
11461981000190
12322969000168
09093027000140
04640236000143
04253313000102
12795302000182
10305164000423
01122029000109
18721616000117
19405734000189
05095582000150
13724508000184
15268862000177
15186031000156
01096059000198
07643915000164
16914626000143
17366951000181
24114056000135
08391852000169
14638941000160
53206157000134
03829424000151
65882631000127
19492999000161
74294018000180
19487185000139
32130411000198
13473312000164
03142257000176
49589468000152
08705731000144
05145957000140
00010729920860
04920874000118
24233624000117
03331724000106
62808829000172
05443352000135
04854197000187
18032250000179
23892950000173
00236338000147
14410487000195
39905948000121
03191478000134
10220940000140
24055313000105
07350196000193
97298350000118
20369007000192
09437269000104
88892385000190
02049032000107
16328932000106
02710680000162
10712913000194
02518846000143
05952771000100
11519851000161
10209553000102
03842616000106
07458624000104
00004180483980
13196671000111
01915661000100
43730415000123
07792897000182
17536982000133
21959158000163
60374683000179
11915804000137
06967055000151
61922316000125
10676939000124
68796192000128
04980797000191
25711581000109
09502960000124
19677705000176
02636673000320
22727063000187
03145890000118
20590418000103
12622538000117
05635629000121
86729324000261
17142942000107
50309137000109
73805517000121
17161936000105
13955017000144
12490012000120
20345915000146
90952052000150
09620572000148
13458718000178
43736099000288
17856094000106
13297075000128
08794629000162
17183233000170
10850105000193
51595908000126
19707532000191
10143843000109
19393130000160
10859046000114
23531236000150
87237830000115
00049608720125
07241534000159
14871747000120
17489319000125
00002247360947
15330479000100
10916101000160
08404981000144
06133139000190
21610727000160
00903699000108
67563619000185
88613922000549
09652820001023
83200105000111
02403924000164
06305291000102
12630303000177
07230513000480
14983418000170
54505052000220
03035109000152
07669173000812
20530609000180
03818451001109
20245985000122
09037719000252
01624417000198
14819268000164
08748939000140
17419566000155
05298202000185
00465114000107
08183359000234
04499559000169
05401935000101
06258768000731
21275889000190
05953911000157
02309061000160
86885977000159
05912565000169
03807579000197
55319313000107
17068094000133
02206505000132
08106097000123
57580656000490
11985407000131
05090043000129
02843069000102
57045973000164
10679722000178
05757520000167
07198897000159
10509005000106
14271708000191
13564078000180
16667048000198
01686637000146
18091586000102
30260871001853
07439885000179
82042094000126
04062807000290
15126463000171
09628141000128
08310033000140
01482522000130
23236513000100
00959046000132
62291414000174
35064229000174
96591391000135
01199377000184
59531137000115
14230780000170
03572622000182
61145439000105
08039932000150
56702616000169
08472338000158
11659958000105
09603644000149
03261226000304
03018444000142
00074766287720
14491417000109
04853384000146
00024686601886
63955033000105
06933178000171
12778103000166
13234269000184
22360113000130
16865979000109
14169844000175
61968277000105
14081322000117
07383192000373
59280669000208
09102095000129
80277601000185
01200622000126
07790648000239
03182187000180
00048321486134
03608164000194
04000416000160
21886342000120
19346999000153
20953604000160
08290164000102
07775666000160
17390995000147
09099536000180
08199996008011
10158268000100
01685556000393
86499399000112
03028422000163
30055230000461
23735504000155
11185780000108
03711716000195
19552395000163
02779337000174
69300358000136
05537311000108
12144764000130
60883329000170
07435569000129
15129595000157
11608867000140
03512529000182
24456722000113
17054576000134
52556578000807
00050330187015
16103130000190
22799151000194
09554613000145
07270299000143
92998350000107
23432355000155
80329071000171
00013931866882
41779596000157
24728293000196
07022271000278
02688435000449
07915765000109
10828751000154
00017687326806
18896529000109
03335433000196
39418934000183
56012628002024
21401555000115
13010604000160
80156326000141
25419433000107
17635793000118
10601908000104
07736144000150
03826108000126
18067621000158
03506772000198
23470598000188
54828520000116
00061988677572
01838723038957
24495747000126
04030835000145
73498958000128
04853094000100
02882153000135
00025112135832
10481530000152
21132721000125
63643571000164
80834500000168
03083658000100
19221796000130
20195813000191
11038325000260
00007377147784
57069650000100
19923011000171
07320009000129
53606331000136
24659839000102
21918392000142
06981180000116
02575962000102
01025514000164
09172415000117
15549471000120
00040632407700
13411685000100
15764108000128
08793314000109
04364999000109
13572257000160
14163608000141
44138717000170
00007260873868
11151445000199
00748675000113
65527665000101
04750110000121
12856277000108
22102898000141
61429882000108
01746628000101
00007350262892
55120521000174
17650427000138
00062634020082
11515056000286
14726607000168
23201048000163
16850975000149
04628157000117
18391618000195
22090969000133
04107997000134
01975889000195
14409630000129
10611083000109
01115182000109
05514919000117
18051357000164
02690078000100
92781160000133
02395462000180
02098949000100
24411637000139
03892919000125
19386324000138
68654508000147
56010739000139
07934732000106
04124390000162
19393858000191
06911058000173
21074666000164
11262584000190
17572003000100
12394546000153
00005393368828
08031066000150
08581421000165
19199348001311
61792040000108
43818418000385
05462788000171
18226888000140
09525805000123
07308389000186
11793782000180
54889076000149
17815405000180
04879272000164
02254396000129
05168887000145
49502032000184
88644091000220
56332455000169
00045440034900
17059428000102
18927188000183
12355882000197
07648735000175
04703272000109
02505093000131
52462637000101
04073091000146
13329259000122
05555492000103
04789159000198
10549237000180
15568184000168
86837366000135
05384413000130
19795665000167
51665743000111
03247248000140
75904383000636
20082390000101
20008287000103
88259783000173
08067395000151
36765378000123
17724333000166
09362770000159
03415926761
07550235000104
36377091000126
07408191000174
24447713000166
09351021000126
08142803000192
92795368000101
17869885000162
03418725000192
04792789000111
71534390000128
03385913000161
58687609000160
61187761000199
18529488000104
09172045000118
12488925000102
10811754000185
07005129000131
12272176000181
00000402992792
21281680000139
18593859000117
61520136000117
18007940000178
09298394000180
02117937000339
04691724000180
20368854000132
19607182000191
46044053005417
65876393000147
19470549000178
10767969000146
60394723000659
00716468000187
22086683000184
23207695000182
00089974506700
60855574000254
21833451000180
02391806000183
15648719000100
24223146000164
89419873000147
18462769000197
15112476000191
11010481000132
05513384001301
08403555000196
59291534000167
93657625000101
13922200000143
10446265000171
05678757000152
15666943000206
18908943000182
00005675811958
19432816000112
04040383000182
04942505000126
11926231000147
00029052000190
19844288000109
22395824000140
33017088000103
00425654000167
01313024000163
17628985000105
00093809441449
13097759000186
00071090100906
43949825000160
20613236000100
05333742000152
20995451000113
12244003000150
23806213000100
04581485000105
19702528000130
10714220000130
17921746000130
00031598916823
00037041862879
16551275000153
12926764000191
12040733000139
08133497000128
10360670000172
08733423000122
02063319000191
18497489000114
18301636000139
13029459000160
10589940000111
06068588000100
06321934000101
54813134000150
07508471000154
09339167000156
58415936000163
00006609260753
00044468733853
20920186000104
71822233000118
17162326000118
58055187000100
02891071000157
00014929117801
79768693000117
03629590000104
08997287000188
07204978000114
00075735423991
92961119000149
05968360000103
94523479000194
18493506000145
06070152000147
00220531000190
03684091000110
22416594000159
21115653000196
20489474000156
18703893000105
05030782000125
15725018000128
07298964000107
05060651000190
12326820000157
09193427000128
06255692000103
09225932000107
18384764000193
04801698000103
08460455000100
03807793000143
00266821000174
02140635000110
16927141000194
07715630000191
40188815000160
09247597000148
44273977000158
11741491000148
97371843000136
00017478875874
14791713000206
30260871001691
21495192000124
49028814000123
16549335000101
15020108000113
13032211000158
08628218000105
85043123000162
01184103000111
97969620000175
09464415000352
23349805000140
04612284000128
08825698000196
14477127000100
82439134000178
15707994000158
41789603000100
06272313000185
57677247000164
04607762000101
08147535000100
03633287000185
04357005000127
04772843000167
14699267000123
58634536002435
12613152000149
00723345000173
05101838000195
01458293000118
23821016000160
00001245968785
19299365000197
15401644000169
54246970000109
19364928000183
00104302000100
03205332000109
06299649000131
33719311000245
03499731000111
12627894000123
23184018000196
17090027000115
18214387000144
00053583256115
05857329000197
25106160000140
00047656360972
86445822000797
80705700000110
67682716000197
21280362000153
00011674037899
58188756002210
71821839000139
25232123000189
10279234000173
03938196000158
01200788000142
19480099000102
06053067000170
00004399088842
05231625000188
53255899000150
89952709000109
00460986000425
23189925000128
11565434000155
00049711890844
11038217000107
00671490000158
14553912000103
07643290000130
00319336000111
08990402000192
23125027000106
28174670000143
82155771000112
03625679000100
00001340140306
04700442000100
60419744000177
02835541000327
08199996006230
23510188000113
08455029000170
24666800000104
08708074000199
60455862000130
06159241000164
21514865000146
02067628000130
16907800000120
17276226000112
01476742000150
32020943000172
25629874000133
00028110955860
08214019000142
01957973000186
00707649000147
17341192000100
21000046000180
62844311000194
10388140000132
00002051948933
05152870000108
00034348824215
02277540000142
95852547000121
02464189000107
00051911302868
13259733000197
20835665000122
04732138000136
18862419000118
00067014810006
19563004000297
01419575000106
21602012000166
21521671000178
07357530000130
58009721000142
05726178000138
07819945000189
00046538518087
17425582000150
10897975000118
03898727000126
59120261000198
03852088000168
07258863000102
14100584000181
17489189000120
06877515000150
24263035000181
16366368000108
02124224000130
00045061904915
33979964000182
06256701000172
26192150000138
00701958000100
13823427000131
23624696000122
02116627000138
08513784000163
00005354941814
17888722000127
09257028000183
06032995000230
68242452000113
00080873049187
01624546000186
11486977000187
03537999000109
04062106000170
00002225691827
61064838010449
47959697001320
01062142000146
02966645000109
20906416000180
12884672000358
00014827778000
04853055000103
01744460000197
12098269000131
80400856000193
14223041000151
22505745000145
23604545000102
09826231000123
08220784000175
04639255000150
22677520000176
03245158000110
00358547000163
00391743000130
15775831000102
13075101000173
12245529000154
51724268000107
10579702000125
10359050000113
07146729000209
24688019000130
93248318000177
05104067000190
00225166000106
44893790000157
09142215000111
18721570000136
13032053000136
11846633000131
00069556000134
08493752000143
01283821000145
09458882000108
07044905000102
10532482000184
08143749000108
50464619000125
23714075000130
04654989000108
08754758000127
23474063000185
07085408000152
22513700000112
07382087000158
00009416355895
01271258000195
11050941000156
20858378000138
33136896002052
18651236000153
17337003000118
00831964000181
00007248911887
03801483000111
20138550000189
97519017000191
56004401000174
00000820011894
05013910000122
17326234000126
11016434000104
55782486000159
09558816000100
25103212000125
17059867000115
01111056000186
80749351000139
05300331000160
17184815000170
21072359000144
08753542000147
04715690000116
11069789000153
20834778000103
07199490000146
00323232000342
12230899000118
14717231000125
19181934000103
18911841000116
65402216000129
10442979000101
00017561834810
60546801000502
17511557000190
09463244000185
00019158604820
76107770001929
19922853000109
13660888000130
00204831000185
91903153000102
62559083000100
62018999000153
01462814000100
20511131000140
17918139000111
18119775000146
08803644000120
20964626000125
09311702000160
17989293000184
03225411000173
60500915000511
10490474000112
16871680000159
07118820000121
05234809000100
00363047000110
15563789000166
97369490000130
00000676144268
77955532000700
52045697000110
05340629000102
21409926000105
22638146000108
23635680000115
07699829000173
10833767000155
43915172000106
18356093000157
08108887000148
16835255000104
17599104000167
24173020000122
61802294000160
80282726000101
43871946000136
23518609000152
16865599000166
05740872000100
12923475000139
71166771000100
20497946000112
57825036000121
23423723000107
16668734000183
09066947000170
03316088000224
05385154000162
06267175000146
20472547000105
00293344000136
04366347000103
00095496254868
04258845000132
00778773000101
24107333000182
02916265020004
02283886000820
09209696000135
00030906873991
00000960671366
69005387000175
07378426000122
15607494000144
12367412000143
23664516000136
09216620000137
16732750000198
87228581000100
02775324000127
06256931000131
05538433000119
10834393000273
04124167000204
09364459000149
08035135000102
59546515001025
00021613645880
05856090000130
03606108000110
13543940000179
04053093000173
02770871000110
08532729000110
17845361000131
24634943000134
93635175000156
00001230456147
02162259001055
15312179000190
23718303000140
07211174000142
05035305000152
00005161502789
05899730000190
85342681000129
05436047000620
00082781290106
12778723000103
11593244000141
08039440000164
13361421000190
00093721000193
16530663000158
21568580000198
50707942000182
22495522000144
13097652000138
22531713000114
06321409000196
22986264000107
00032259379672
14274074000120
03983930000109
07625852000113
92270149000109
00046908056791
13502594000180
21392702000138
09043387000138
09383229000127
10295808000105
10308936000138
13318537000146
03436723000126
91672865000150
00036974410867
13240040000152
03630560000118
63310411001418
12026327000111
61472650000124
23816626000176
46215935000196
09037719000414
10869775000151
17940615000109
00091283086620
09518295000167
90585860000127
03903343000154
16675822000102
02756023000156
61381240000178
04268499000173
22320881000160
00013806424934
17502639000178
18828193000139
00001131875486
03102737000103
05344073000114
12740226000108
23345582000143
00731155000106
02474103000976
03196721000107
07287290000226
06888235000148
19115368000123
61353199000126
48526818000179
02530339000125
00250813000130
22095959000190
22202421000138
97348015000268
02251415000163
59455816000152
01699696000159
13871886000190
18022508000156
16890751000160
07899139000168
17073696000189
08060555000130
50221431000156
07385534000122
00005888562904
18205545000108
05515801000103
00984411000169
43388974000105
00771482000183
02113319000159
10619881000187
93062032000100
03228887000168
20079009000147
20167520000109
66364092000105
14861044000110
03954651000109
02267071000180
01637895000302
81625725000177
18795467000130
07555564000130
03797748000155
11444406000180
00008546954860
87839627000119
11107074000148
08378538000146
08102787000295
19932658000160
08220442000155
39064639000176
05988913000181
24263994000105
29808359000171
07366769000177
06192526000105
10014024000153
00276182000128
19096913000181
00024872633857
09385172000103
76093731004935
22109679000194
12145598000196
19009381000360
48648869000416
00396895007308
13510586000186
59281857000170
14160119000136
19645352000122
08686911000126
04832558000194
00007227182762
12217804000126
75101873000190
00517766000148
06314005000175
00026720129899
79922720000164
17783501000194
13984395000156
00088119327934
92704212000178
10312206000100
10462858000121
10871723000110
05323560000109
20655331000177
13597601000175
11769210000165
10350750000147
12916574000193
11399175000130
11809649000174
14042431000125
20770566000100
02919878000150
12539110000105
19436801000122
13960803000210
15006666000124
33592510015933
11705379000151
69050375000243
01944637000107
03003221000101
13403484000161
08108042000152
00025628175838
01235063000190
23268318000153
20972668000108
23442640000157
03658557000102
15670197000143
57605289000190
19871008000151
11496041000137
91884809000189
05086366000149
01948018000182
09407128000300
03914393000137
21991999000158
08718886000115
13529960000195
06283517000111
00007087539817
04900070000157
04060779000272
08287987000189
07702492000106
45561404000192
02474103000119
23108107000153
22914160000189
01855065000181
15392977000179
72677693000162
03662520000158
06287963000102
04839187000172
00067919294800
47697636000106
25224493000174
20137275000189
04560310000111
91713792000105
13965820000160
02700905000108
12150755000151
00083561110649
10953330000155
00000640909906
00008907610860
19714681000188
00091322260710
19613057000194
02595144000163
08046925000185
05950723000175
14237712000133
79073896000199
18835198000199
10988142000162
06916580000571
13416922000207
05907885000120
01579398000125
00038102544104
00668630000139
04269902000189
02290277000121
00116022000111
09538454000195
00244760000225
16751675000102
08363469000105
04727973000188
00027675364899
00316010001374
19969218000187
00013186723841
20891289000193
44996072000106
72496755000130
00035404774894
02152334000106
10278205000197
17677803000188
08959093000279
58606716000117
09256342000141
56941685000125
79333530000101
21544502000153
05817537000596
84107846000115
06219803000118
08268378000182
05830146000188
13536632000116
04374121000154
03203261000105
60431889000193
24685522000132
55349492000117
04239429000197
13529496000137
22281835000108
18660679000100
07515551000137
17490066000100
04388961000176
00924432000199
20329895000110
82719956000102
01570343000154
29405370000190
05170024000102
03951859000336
02661244000140
10458923000145
04982516000130
20275708000162
18786075000105
00001904000131
17606343000105
04486422000170
11451932000177
67841783000107
00013796555870
04367361000121
21119233000188
00098702220130
15067157000101
12591102000108
26083285000165
19957420000199
00047289406249
05642147000107
04842256000105
06283633000130
88074364000167
16552230000101
24259035000108
01590113000157
17261460000176
61142766000103
22896558000130
00046039449691
09539122000125
13547587000103
02004624000102
19586019000190
74215013000114
00017208940860
20837180000178
22388629000193
05305232000171
20355024000170
15218339000136
10492322000159
10880864000107
08534660000164
15102288008248
00042999798857
00005635551653
03894130000103
14117794000182
11079975000173
64100787000146
17605702000100
24877853000174
11190645000150
10344614000144
07367566000103
19999623000148
05944604000100
08562107000135
69122240000165
00001160506833
00331801000482
00791489000167
10500095000166
00056566280600
10899778000138
11891347000198
24233677000138
03870059000129
04185877002522
01641180000153
08215645000153
44393924000170
05235633000100
10709470000182
00007322046749
18321973000279
11475931000162
74508201000130
11280045000183
05906522000170
07766606000181
15648873000182
12797174000106
20775776000190
15553840000159
87184164000102
00634083000170
21958527000101
21581696000167
01341331000158
04058183000157
54516885000377
80078934000185
15052743000182
15438951000114
09276394000180
64070717000192
21768813000104
00045007306053
00675622000110
09503136000199
79302519000184
10923227000162
00077475054853
00006835852828
09037156000111
19502305000120
03642263000192
07561042000140
22162828000189
21188493000105
09548350000161
23771311000150
18342807000178
00022090000111
57922122000152
15265967000172
00361102000132
12599827000142
11482080000185
24573543000166
07760678000111
13303580000138
09474971000148
52274347000126
11479465000193
13719866000107
01038321000148
11062327000104
74101569003790
14342167000145
10971011000172
02902707000119
64005135000122
06142151000160
08680888001053
05552102000133
60037058000484
23854115000149
00238796000115
02124566000150
22807115000125
11714366000149
23639954000144
04805948000175
22701979000168
12154113000120
10257856000109
15864977000124
21571219000110
19590579000118
16403517000161
11314637000179
03822056000110
16842704000141
09592339000107
24427393000182
62635669000107
23526610000129
08939862000196
00004159539874
43461789000786
11999296000112
03714635000149
00049765493568
13292552000162
01722256000256
04443449000185
07709406000197
00683095000195
32223414000176
05961095000123
21235102000166
13887283000187
21116762000128
09413476000129
07737623000190
32417164000105
14509154000118
11090831000118
00020171673808
00098104357700
11163937000102
16382332000118
08697623000177
17753582000180
07303390000118
08111707000187
19439691000152
21748046000163
73113433000127
14168971000150
00071576045315
10497110000164
00049526120078
03048591000165
71754634000188
14712963000122
07430661000104
12066498000174
88616552000170
00007153798790
22342316000102
20890784000188
16950936000113
05952565000192
15838111000149
22490207000124
15186131000182
03972532000189
18627296000130
33136896001595
09299399000128
09627291000117
42598920000101
17122802000258
93891596000148
07591906000177
96331426000105
00006945832864
03524214000317
60402401000108
00807623000170
02271722000106
19011332000108
15349082000151
07706725000149
00002422589642
03712777000177
68578616000188
10457188000155
08724091000110
07013749000112
12554511000134
23538268000187
49719008000100
22740770000103
92894500000132
74155052000173
94661428000129
05569648000105
12936095000139
74691122000108
74222241000111
04618665000114
58351404000100
14422472000147
07994041000190
14559396000116
12453349000168
87547428000218
40392409000115
07263666000181
01721973000182
15638906000103
09426402000127
05889519000196
21143495000188
62307871000100
24745440000136
36236818000155
08859568000174
11682316000399
56260748000188
87426920000154
07609453000320
17739077000180
14590421000124
01334141000103
51685667000106
12837081000168
11383405000172
15112648000127
23754919000176
05098333000119
04478058000104
17648109000132
12347701000180
11764828000132
07905109000117
11655954000159
07551109000166
68759463000175
18383651000173
02045855000164
11108019000334
04954399000109
10579708000100
87642666000121
13300419000100
07875423000102
73371338000123
15399821000110
11551340000127
16666705000182
02680560000160
09268606000187
04476442000160
04655780000169
10939748000108
04950546000164
17877301000281
57954687000111
22825058000107
07551885000166
25204649000155
64861016000171
01573333000172
10318806000186
04919351000151
12290667000155
06916014000136
10582049000153
03513187000204
02444516000150
22390319000103
81618753000167
03301053000130
62287255000134
11608145000196
00030300307845
07230898000133
24732700000139
08979887000113
21229645000332
06246554000150
19614974000193
13708742000118
61695458000105
01188490000164
04736743000185
09206735000140
08534605000174
10203934000184
14804535000120
08831014000169
22770366000697
00007313705115
08310882000101
06982935000105
05236671000170
10269977000162
13656287000154
01779710000124
23982470000101
21025579000117
13646100000131
04088052000112
11264580000140
03783066000193
25195364000103
33042730001933
07165575000103
02557995000111
14745746000139
24548279000291
11330894000102
13047423000109
11073310000152
13158954000179
12034234000139
03824382000166
12103851000149
20458968000173
18250067000140
01852612000175
09582075000100
00024644021253
87722336000146
08518922000105
33000167000101
68147925000101
12979998000105
01807093000123
05677369000157
51466233000115
03990032000170
22151524000116
15540549000146
07124773000200
00073566276120
07995344000127
62095088000120
11862597000108
53247433000102
00070644012749
01105294000260
07495598000186
00622851000176
11099425000116
03171752000375
61844288000175
01986172000149
00001756597960
64668981000122
01485063000148
71673990000177
00000213338823
07145418000136
18388529000190
04943560000130
15235608000172
52295060000182
19524713000182
00008518784824
03174578000152
22624631000114
19876890000128
11365499000157
00285226000186
42422659000186
01585139000107
15343319000197
12644014000127
00052439453072
09547391000133
18282222000100
25417270000123
11665961000131
13586186000154
23313747000103
20409658000169
00670451000136
72860067000107
66720459000178
57588360000173
55962013000133
17201181000117
09409964000162
00037130528168
14370733000122
15362343000173
02972355000178
43257310000107
16417254000140
17666183000181
12941720000130
03239026000185
04679336000264
73222549000102
17309157000104
12596520000198
22153223000121
06010338000100
04314463000189
11782966000144
60520061000101
66798778000104
01537402000192
18910477000170
14042613000104
04039380000129
01961491000108
12133311000108
09324599000193
01649157000296
08272712000171
15527582000136
61607826000108
00017281436831
04419544000143
21229645004249
14049467000807
14049467001293
13244409000103
54612650000460
03441322000164
21483186000157
29504214000187
05904003000173
02578558000184
05888838000187
03978166000175
08689024000616
00036811971800
07911518000126
20633257000198
12028636000120
04290957000170
00053776208449
20766516000159
00748618000134
03181842000185
10507111000142
97396824000164
07283019000131
02224846000130
16707942000144
01793351000160
00022905203811
00316292000176
20812687000177
23838308000106
07481491000189
94619996000161
24784574000166
82638685000160
03327135000154
05414811000152
91396432000119
92296573000122
93964880000105
21260317000137
00503743000184
25131548000100
01896088000134
01274137000105
00360567000179
09152217000191
23911627000108
04034304000635
00026507808865
07570966000103
10804095000150
11655267000133
11107399000120
18579525000270
18955309000109
00001351667564
15374444000164
11996845000103
08304725000185
08996736000173
00037665308872
00044462530934
92769900000116
03285026000111
00924429000841
11597997000125
08544711000139
11098411000188
08605356000160
93730158000106
04461722000102
11473142000192
19771281000104
11719413000147
18572544000193
06698962000142
04904042000299
04830686000107
04222931000357
07066705000150
04290376000139
04536654000195
00138528000121
06059290000125
07441734000155
23777347000140
08807676000284
09230669000144
02048139000130
08881309000140
13713984000108
09029365000113
10863893000152
22339905000123
05021211000124
43799295000110
13188455000124
07298460000197
08268510000156
03219708000126
11283620000100
07787255000195
15324196000147
81617193000126
63990717000148
14913140000165
86129962000160
12998918000150
07584456000195
24310763000105
20333046000130
10250513000104
01689780000191
14589534000100
57010662003266
13430193000162
94552494000160
09481314000128
22536370000180
12796223000196
24413325000164
10532178000137
03913012000103
74620147000110
07950681000106
14175274000126
17534211000107
71841456000122
05816952000100
05552129000126
12505630000105
13107425000146
25180874000107
23307163000117
00005140424940
00304151000133
13376604000189
08860309000163
21465457000141
05638557000176
01085207000179
17442485000176
00043889867200
01335050000192
07358761017215
00183110000136
67666834000101
60890142000101
07045124000132
23428457000105
14782953000163
00867888000164
06322587000131
04621029000141
41757527000576
07363825000110
13538312000103
04946383000146
10173546000106
00005453493704
01570580000115
73389686000128
07359791000190
06311956000190
00022028391863
72767437000166
23643857000125
14483079000163
78911229000175
23501882000174
03025147000124
00031545767890
19139045000170
05629653000158
60472313000174
40348641000156
01323940000508
09198247000139
10518977000159
10520694000141
04804772000137
10949221000164
81069486000116
00987500000169
05777444000151
08047046000178
13035377000128
00037092115817
10936158000121
00004010727624
57339756000187
47715610000135
42487991000552
15305087000182
12933160000172
02865153000127
00037615505615
09415085000143
08669801000156
02166345000145
11325847000162
03134910000406
00462998000146
19970305000154
13992863000134
01529417000109
17701516000247
88469952000108
26304606000104
13825298000110
00048319562791
00039625116877
24505014000125
13695955000152
10945393000160
32207763000102
07558354000103
17311320000165
04078670000181
18021081000171
00025518493819
10637466000156
24497535000188
00029422981972
10686618000100
00008526979701
15438711000110
30925614000145
07253696000107
11808430000150
17245592000104
15508218000129
61079075000447
72214968000121
13592757000163
66512682000120
08838271000122
04708410000142
05377412000169
21428437000109
17221421000145
10999394000197
48935902000146
07075616000251
13532269000160
17226513000118
19481343000143
09273218000194
20436688000164
17755545000100
07699054000136
00354096000196
13545251000101
17212224000160
13419427000170
11941795000159
04411431000282
08019930000107
02538436000911
23437931000157
11806755000102
03769753000154
06045696000159
33216797006230
05893447000150
10320807000165
13396896000111
00934662000139
08800454000159
06036663000142
10697339000142
02805820000267
60269834000129
60608452000182
09489551000135
57282162000187
03696210000154
11919330000100
15070688000153
14207801000137
10626900000100
07422753000134
05961777000136
08719291000184
12287724000147
17643338000164
21676805000120
03072412000125
33712837000112
65453888000163
08744945000553
10822913000147
19681301000237
18891420000170
06997850000192
01709659000184
72332778000109
04904042000108
21113339000174
00008798442805
09286027000167
18950460000146
16880373000134
04930468000136
04208447000101
12347485000173
04493555000173
02846684000172
04849533000101
11170454000127
12272734000109
14273768000143
17853260000102
19187886000152
11804364000140
06201168000141
71336218000240
11389380000203
00091963737768
01793263000168
58560012000150
08657301000102
18676712000190
33646654000146
09475689000185
23659507000157
12454330000136
16936051000160
14641904000100
06072154000175
18163369000180
64095946000161
08534525000119
00011077999968
13537247000193
07415554000107
61068276007702
94127776000110
20768540000127
51212348000183
01937484000162
82641275000179
97542286000179
03154156000115
23836222000144
12383120000102
04231327000125
05030539000107
06298471000104
00286550000119
11956035000115
11469299000144
08948017000187
07352382000242
09154000000110
01163038000148
14746923000100
24636258000147
23192469000175
20968000000197
07358761005713
10243414000103
17168737000200
29386844000102
05677050000121
07432517001170
05421585000137
17948663000135
17541955000159
23197334000100
15252141000179
00186714000136
07599090000128
16624622000120
19782141000131
13639085000102
84590892000975
33136896002303
57762072000193
00003575867941
73955544000180
02038811000107
02995614000186
20524931000104
09341293000145
60384492000198
58734112000156
04575472000123
04067378000163
01642387000142
14763735000181
00020259241865
16629151000143
79153789000766
02527325000152
15669156000137
00085822000112
19791896015639
07764795000234
61369096000154
19732192000159
19251315000130
78958717001371
08842895000466
07056069000186
01452769000103
18916009000102
91391458000174
07770953000188
19426357000164
10329624000100
15503321000186
05289245000285
45600327000132
01640357000105
04912837000168
23810536000178
05047371000142
00059267720104
50611433000151
11952594000157
07134146000179
04953915000849
18536856000141
13701360000162
03393536000102
22047434000180
02536520000149
10846544000122
21908782000131
02180650000191
01708499000159
14978747000123
03376572000168
12024041000105
18181737000113
06048986000156
00924725000176
08902291000468
51879633000314
00098075446020
06957002000150
02919329000186
00005773698730
52310216000157
10697666000102
02820312000177
09073451000123
07896151000119
59365494000150
03526824000198
10809620000120
00628133000107
10957019000184
10319900000150
20227465000197
30127872000186
00008937433800
03002339004889
14228973000197
64182363000178
09686566000193
04633758000118
15592356000139
20380210000160
14303474000117
06041059000104
03706610000101
20475750000127
09006424000138
01807442000107
19435176000102
01089628000178
97548238000198
23541355000193
12019544000184
81178469000117
04907399000140
08462195000101
15267003000163
22154980000110
82643537000134
06239218000180
01123152000144
85325058000168
05013773000126
17818420000182
23900832000160
10381270000143
00031868424847
13299358000109
05319286000196
08593075000135
08796736000120
00027489135826
12658090000191
07567411000102
08717277000141
13863381000184
07121541000117
85236743000118
02660014000167
61359634000120
21649658000107
07902960000196
07038563000118
07414565000164
11807198000136
16790211000105
07212281000195
23849841000173
12541909000136
10221942000153
43051671000194
12591911000110
19212795000120
12332014000191
01668921000190
11795864000163
15739990000151
18461551000118
03199519000562
20920259000249
12319366000107
04954505000146
07603527000150
06213662000126
45634052000158
08579643000143
11576046000170
46044053003392
18709208000140
72855505000220
18745654000100
08864228000131
23943314000123
16433436000104
01076668000185
18688481000135
17384147000125
73062903000170
14334051000164
20749190000151
38776167000111
53613535000102
13384272000184
04907334000102
14481715000118
94649191000160
08598836000141
10913524000127
19819939000100
64132434000128
04033993000159
02553555000196
33041260065290
03081169000101
00007309280717
15786641000190
07447424000148
60856531000455
11960045000124
05130478000150
05027570000199
12146392000180
08070508006966
08070508009477
22350143000166
16605106000159
04399699000165
21728595000176
47855135000100
05609317000143
07899331000154
19824807000177
01586633000277
13102737000167
09040045000164
05302896000187
10354265000141
04078965000158
12569949000196
00649990000355
24524488000114
93189694001371
14497340000184
03105750000116
67287409000101
