CNPJ
11411833000161
22120321000162
12850427000168
04646330000100
06201012000160
63946800000110
22581790000189
78747821000183
07706686000180
03339170000355
04313382000164
00063323737504
01411021000162
03760713000141
06370136000170
19394464000158
11969736000199
04149637001258
11112324000138
11354186000101
91155259000671
02534740000133
04017667000158
02575011000125
02580213000165
20344056000170
00000191353868
12389916000164
06139410000102
81595191000183
09615448000194
16774406000161
12230179000152
17714360000158
05855748000351
12043723000157
10834103000100
05964784000353
17720990000135
08816222000199
12996556000169
14601839000190
08245855000194
15402789000184
13468398000137
01279711000100
01415670000131
71607303000115
18138094000125
08863641000181
11003937000137
04143473000107
11814618000101
09642397000190
04961060000121
21233373000182
56712607000159
83668657000159
12456606000115
05774886000306
45341526000173
03709579000154
03635958000147
97397178000150
14277176000108
15248272000182
46665188000198
93586303001433
10483781000176
08096544000100
14603036000689
31913734000195
54601505000130
05993698000107
06916861000109
05362345000109
25499823000134
08092615000105
05299200000100
15424720000151
14839801000230
02841705000167
03262252000187
67908475000151
08733884000286
04960457000107
02864261000347
05067637000119
05431120000167
22307786000127
05268485000112
11164242000137
07379477000179
10908611000196
18920599000147
03620487000101
49470990000110
05895515000110
03021334000130
04063097000132
04900415000172
09296615000181
52223914000115
87489811000186
95800637000926
08040489000137
13936830000177
05846387000115
21435676000269
11219181000168
14190675000236
02433760000118
12044164000108
03717123000136
19741086000131
03057706000188
04966572000180
01732519000208
00989561000165
53020152000112
00518060000109
14309992000300
56658396000385
07385089000109
67481028000169
46970182000124
38719118000147
11240381000100
00960912000105
02668610000193
08089201000119
07111023000112
23331841000187
62677604000124
87016150000252
14443718000167
14868813000102
00558432000112
31269012000140
07334368000135
07980966000181
06943661000137
01607095000179
15528087000141
21783997000173
02430360000159
05429834000130
01491672000100
01699635000191
05006462000210
55064562000603
27921980000111
12376978000131
24200994000158
66989575000197
60774452000152
30857684000103
03123344000186
53438693000165
09375427000149
59843045000170
05741602000113
07029860000105
18096998000135
12331558000139
23732350000148
17802227000153
60879301000169
47198460000130
11138342000199
04099288000154
19571315000117
77941490010118
10234646000197
23008575000156
05500999000151
05388126000107
16728736000110
45236791001406
45597176000100
05671215000158
47035662000160
59905042000114
12183733000198
03823103000140
07664713000107
08593075000216
07219222000149
00001171793880
60198967000151
02252562000158
15014187000150
49021009000178
34579060000122
12480611000163
15204653000160
04534692000109
10381596000170
11900852000151
25926387000132
25909961000144
10800921000192
09170262000179
11269590000179
10767262000130
15544240000205
18808072000125
15645041000102
61074431000197
34552042000157
22797545000103
20864234000194
17024771000111
09482129000158
06285485000193
05699871000169
07847211000103
03727047000140
02934277000117
06194010000191
60210515000571
62025200000156
24605730000184
03512483000100
44390474000162
76659820000232
11349274000107
54739750000109
01875588000190
34177600000141
61950432000158
22308125000116
61077830001264
07822256000123
10285622000167
04176559000128
02332470000188
56872435000180
87833737000335
06107678000154
85063485000115
01649873000192
14444552000101
59933705000104
84046101005900
00007609874833
01438684000170
08456179000106
15067075000167
51761351000156
45601267000172
11143517000156
68118462000494
13820512000146
60884855001630
05845167000177
05881847000146
10795798000169
77955821000106
85938561000199
13753197000181
86375078000106
02916265001131
05248770000171
14536420000100
11399504000142
03436073000380
10870545000102
09685770000190
43665629000163
05534997000183
08317250000242
10762038000155
04600832000108
01067479000146
17993609000101
78924487000196
19531820000138
07372845000157
16903257000193
70210018000101
03548281000100
04105056000161
64006281000172
17256386000108
04687025000166
00392057000183
05946489000102
03658692000158
01682695000100
11134734000341
59453639000175
42416651002312
10231616000127
92950674000175
05644129000156
11491135000113
09321085000184
43001379000167
89057731000187
01918076000163
92613413000160
19900000001733
04207473000115
02283886001206
15153993000109
19537471000161
07925232000108
73495467000395
12436844000169
07242370000184
80798499000163
05218070000134
05469291000185
07898393000141
24474412000121
76108349000456
05966008000120
05468387000129
61153532000153
63930770000315
17340424000106
67352251804
12467610000189
14086911000198
04094369000161
10462688000185
00165119000114
13238645000109
10434950000188
00010924213000
02805610000279
00028351983853
01914137000114
04237388000108
15478576000136
04146969000126
01174197000148
21339786000146
15810561000123
02817648000261
15550906000157
94828282000163
13335324000122
10311973000103
48665517000126
06002532000144
60606449000120
43697556000191
57563694000192
02638760000154
00595154000173
05526993000153
71054241000161
10510558000170
19322071000139
21667466000115
04540452000117
12614887000197
04676345000110
43574433000163
00477777000141
09600109000134
02543673000113
01368233000538
19014178000110
01474008000152
03194437000100
05015496000433
11465202000125
08180122000119
11354235000289
06240281000136
82044983000122
06269953001108
10442785000106
76361807001193
00009955011491
08356365000165
20342232000135
08933802000166
74575804000155
23974360000190
15001653000243
07487916000167
11652370000120
69119386002448
00021862574839
22839230000181
50649490000120
23183241000119
10576801000153
14295954000183
63025530002409
51466324000150
69163970000104
02612590000210
76108349000880
35088657000137
01179596000100
02801279000138
05695884000160
54228440000391
02711341000109
87305850001310
19998695000170
12562457000179
09472795000105
13459081000134
13250332000176
64698509000132
01056338000128
17812179000184
63959050000110
21689408000192
56910680000135
02771544000182
10337173000153
10867755000141
01699330000180
73932832000110
00331788003134
10257552000133
22861239000199
14429374000131
18850116000185
13244370000116
21725948000184
17711756000141
97529607000103
04041065000136
07833689000184
09476305000149
09185398000152
07706780000139
13596328000164
02058930000121
06957019000107
77521375000121
07326636000177
95827317000102
07299557000114
01989208000148
15111173000154
17803805000176
33179565000137
65963126000107
07738225000199
01441372000116
02685395000139
07919815000118
94837598000464
03564586000105
24081696000277
07032076000148
11916165000124
03435931000100
14237658000126
04745673000121
02884281000118
61451027000195
09242037000109
11506928000169
18663506000146
08619872000144
05413768000100
76533074000902
40235871000109
61286571000129
14545896000107
01511094000126
04822491000107
33453598000557
04299705000102
84688589000152
04749583000109
83158824000111
10389794000180
72686249000103
08981352000187
21533528000104
78467669000185
05022327000188
09174805000126
48171664000140
05441926000136
53268231000147
05997418000139
12470796000125
13840481000195
08400893000174
12468444000135
51476109000130
06331356000194
09507831000129
00708290000122
11490628000139
09526816000128
07427584000125
01426216000186
04311454000134
05243979000142
04811856000106
14914309000100
61149753000158
05325823000100
04424797000105
85179240000158
12098486000121
43486604000100
01146871000180
04150738000196
03989599000126
58551243000440
05804584000171
02053615000101
08620276000184
94913050000103
92878180000127
02451712000152
06176620000162
54240411000183
52226073001333
05605962000198
04794016000174
05596766000102
68088392000126
10278986000110
01200598000125
09437598000155
19136885000189
21178038000129
14300711000196
08712420000102
20667512000113
07589155000154
01278202000162
52605821000155
17329311000100
10360200000109
78256336000107
66001579000115
03586246000185
74299660000402
60853843000162
09309247000169
06122036000124
11370902000306
11406210000109
14991156000196
03082621000150
72843212000222
16701716003090
04571131000180
57159923000370
00010640000182
87828992000128
09026759000118
14466538000109
01326360000140
60609187000157
10868482000150
09517989000180
11593204000108
20818714000119
21878292000130
09504971000143
07143431000156
01938502000120
20766086000175
25728742000169
61142089001510
10908329000109
79217188000184
11222699000150
20088432000103
02003402004677
06136794000100
10507649000157
20081762000177
05549013000138
01004619000137
12706466000196
16590191000129
13887283000268
68871912000334
07405722000175
14814260000105
11981171000165
05500224000186
55657977000178
25060663000122
44242287000131
13481715000155
93896397000122
07686955000274
04291481000192
10353587000176
11339235000129
06018299000198
02706707000143
01606606000138
11444386000147
62358072000162
22353981000193
12458237000108
29900263000139
01987265000198
22094245000168
04323055000193
44401941000102
08292205000108
22448597000174
42444703000310
18587950000120
21567321000142
87133666000104
00502754000140
00012870552300
03842333001128
00019490801968
05548073000136
11643302000102
18054777000102
00053525507887
07503880000168
00817414000108
11074327000124
07053767000128
79712642000173
00573184000189
17808728000147
01474155000122
17571826000103
15129144000110
20618574000135
74362021000193
00559587000173
19401165000101
13507419000186
08855883000123
14750703000141
06056462000107
66617747000100
13301831000145
